a = -5.3 e-5 +/- 1.4 e-5 (25.74%)
b = 0.00471 +/- 0.00009  (1.79%)
