a =  0.10007 +/- 0.00018 (0.18%)
b = -0.019   +/- 0.024   (125.7%)
